0.00000
33562.00000
31727.00000
33476.00000
34324.00000
32832.00000
25743.00000
32433.00000
26084.00000
34371.00000
24914.00000
25465.00000
32325.00000
22245.00000
26516.00000
22521.00000
21776.00000
22125.00000
32413.00000
32723.00000
25903.00000
26778.00000
24345.00000
26505.00000
33685.00000
22824.00000
32622.00000
22543.00000
26794.00000
31948.00000
33530.00000
32213.00000
22095.00000
21782.00000
22057.00000
32941.00000
0.00000
4276.00000
164.00000
3738.00000
3523.00000
939.00000
2470.00000
622.00000
1339.00000
2844.00000
2744.00000
3779.00000
4153.00000
2548.00000
4764.00000
4718.00000
4736.00000
3104.00000
2423.00000
1934.00000
2252.00000
2542.00000
2516.00000
1298.00000
3616.00000
2144.00000
4068.00000
2872.00000
4497.00000
1409.00000
2686.00000
5925.00000
5611.00000
4551.00000
25349.00000
3978.00000
0.00000
3902.00000
4395.00000
1146.00000
4125.00000
2243.00000
3829.00000
2557.00000
3000.00000
3551.00000
975.00000
4474.00000
4603.00000
4719.00000
5039.00000
5057.00000
2939.00000
2994.00000
3989.00000
1663.00000
5310.00000
1398.00000
3538.00000
3937.00000
2460.00000
4389.00000
1116.00000
599.00000
3382.00000
2459.00000
5880.00000
5567.00000
4872.00000
32952.00000
164.00000
4351.00000
0.00000
3813.00000
3598.00000
950.00000
2545.00000
766.00000
1414.00000
2918.00000
2818.00000
3854.00000
4228.00000
2623.00000
4839.00000
4793.00000
4811.00000
3179.00000
2497.00000
2009.00000
2326.00000
2617.00000
2591.00000
1309.00000
3690.00000
2219.00000
4143.00000
2946.00000
4572.00000
1420.00000
2761.00000
5999.00000
5686.00000
4626.00000
33644.00000
2060.00000
3161.00000
1984.00000
0.00000
2408.00000
2208.00000
2009.00000
1911.00000
1365.00000
3698.00000
3700.00000
2664.00000
5172.00000
3504.00000
5417.00000
5737.00000
5755.00000
1989.00000
1584.00000
2890.00000
1672.00000
3498.00000
1936.00000
1442.00000
4635.00000
1167.00000
5087.00000
2532.00000
3382.00000
1287.00000
1789.00000
6578.00000
6265.00000
5570.00000
36509.00000
4503.00000
1106.00000
4427.00000
3428.00000
0.00000
4651.00000
2120.00000
4355.00000
2556.00000
2999.00000
3551.00000
273.00000
4474.00000
4602.00000
4719.00000
5039.00000
5057.00000
2100.00000
2410.00000
3989.00000
983.00000
5309.00000
718.00000
4130.00000
3936.00000
2308.00000
4388.00000
362.00000
598.00000
3895.00000
1900.00000
5880.00000
5566.00000
4872.00000
32433.00000
2679.00000
4108.00000
1974.00000
3652.00000
3356.00000
0.00000
2520.00000
2530.00000
1995.00000
4328.00000
4319.00000
3612.00000
5802.00000
4123.00000
6047.00000
6367.00000
6385.00000
2937.00000
2472.00000
3509.00000
2301.00000
4117.00000
2566.00000
1308.00000
5264.00000
2194.00000
5717.00000
2922.00000
4330.00000
1153.00000
2736.00000
7208.00000
6894.00000
6200.00000
37228.00000
2630.00000
1867.00000
2554.00000
2152.00000
1114.00000
2778.00000
0.00000
2481.00000
1209.00000
2788.00000
3340.00000
1370.00000
4263.00000
4074.00000
4508.00000
4828.00000
4846.00000
695.00000
1139.00000
3460.00000
309.00000
4068.00000
574.00000
2190.00000
3725.00000
216.00000
4177.00000
930.00000
2088.00000
2035.00000
216.00000
5668.00000
5355.00000
4660.00000
24363.00000
622.00000
4127.00000
687.00000
3590.00000
3375.00000
1604.00000
2321.00000
0.00000
1191.00000
2179.00000
2079.00000
3631.00000
3489.00000
1883.00000
4099.00000
4054.00000
4072.00000
2956.00000
2274.00000
1270.00000
2103.00000
1878.00000
2367.00000
1760.00000
2951.00000
1996.00000
3404.00000
2723.00000
4349.00000
1831.00000
2537.00000
5260.00000
4947.00000
3887.00000
33905.00000
1593.00000
2796.00000
1517.00000
2912.00000
2043.00000
1741.00000
1207.00000
1445.00000
0.00000
3015.00000
3233.00000
2299.00000
4489.00000
3038.00000
4734.00000
5054.00000
5072.00000
1624.00000
1160.00000
2424.00000
989.00000
3032.00000
1253.00000
1221.00000
3951.00000
881.00000
4404.00000
1609.00000
3017.00000
1293.00000
1423.00000
5895.00000
5581.00000
4887.00000
23203.00000
2109.00000
4463.00000
2313.00000
4832.00000
3710.00000
2962.00000
2596.00000
1826.00000
2422.00000
0.00000
551.00000
3966.00000
2329.00000
1603.00000
2574.00000
2893.00000
2911.00000
3291.00000
3314.00000
989.00000
2377.00000
1658.00000
2642.00000
3001.00000
1791.00000
2812.00000
2243.00000
2998.00000
4684.00000
3073.00000
2812.00000
3734.00000
3421.00000
2726.00000
24749.00000
1557.00000
3912.00000
1762.00000
4280.00000
3159.00000
2411.00000
2045.00000
1275.00000
1871.00000
2564.00000
0.00000
3415.00000
3874.00000
1052.00000
4485.00000
4439.00000
4457.00000
2740.00000
2763.00000
438.00000
1826.00000
2263.00000
2091.00000
2450.00000
3336.00000
2261.00000
3789.00000
2446.00000
4133.00000
2522.00000
2261.00000
5645.00000
5332.00000
4272.00000
36704.00000
3806.00000
1301.00000
3730.00000
3623.00000
274.00000
3954.00000
2314.00000
3658.00000
2386.00000
2829.00000
3380.00000
0.00000
4303.00000
4432.00000
4548.00000
4868.00000
4886.00000
2294.00000
2605.00000
3818.00000
1139.00000
5139.00000
874.00000
3366.00000
3766.00000
2503.00000
4218.00000
518.00000
428.00000
3211.00000
2095.00000
5709.00000
5396.00000
4701.00000
21667.00000
3704.00000
4804.00000
3909.00000
6268.00000
5230.00000
4558.00000
4116.00000
3543.00000
4286.00000
2247.00000
2495.00000
5401.00000
0.00000
3547.00000
631.00000
1112.00000
583.00000
4812.00000
4867.00000
2933.00000
3898.00000
2100.00000
3624.00000
4865.00000
579.00000
4333.00000
297.00000
3914.00000
5025.00000
4937.00000
4332.00000
1477.00000
1164.00000
627.00000
25132.00000
2694.00000
2860.00000
2618.00000
3145.00000
2107.00000
2842.00000
993.00000
2545.00000
1274.00000
2783.00000
3334.00000
2363.00000
4257.00000
0.00000
4502.00000
4822.00000
4840.00000
1688.00000
1711.00000
3524.00000
775.00000
4133.00000
1039.00000
2254.00000
3719.00000
1209.00000
4172.00000
1395.00000
3081.00000
2099.00000
1209.00000
5663.00000
5349.00000
4655.00000
21943.00000
4454.00000
5187.00000
4658.00000
6756.00000
5718.00000
5307.00000
4604.00000
4293.00000
4918.00000
2521.00000
3073.00000
5785.00000
631.00000
4124.00000
0.00000
1388.00000
859.00000
5299.00000
5355.00000
3510.00000
4386.00000
2629.00000
4112.00000
5523.00000
1108.00000
4820.00000
827.00000
4402.00000
5408.00000
5743.00000
4820.00000
1608.00000
1295.00000
903.00000
21129.00000
4016.00000
5115.00000
4221.00000
6580.00000
5542.00000
4870.00000
4428.00000
3855.00000
4597.00000
2559.00000
2807.00000
5713.00000
695.00000
3859.00000
1325.00000
0.00000
648.00000
5123.00000
5179.00000
3245.00000
4210.00000
2412.00000
3936.00000
5177.00000
891.00000
4644.00000
609.00000
4226.00000
5337.00000
5249.00000
4644.00000
2172.00000
1858.00000
581.00000
21028.00000
4246.00000
5345.00000
4450.00000
6810.00000
5772.00000
5099.00000
4658.00000
4084.00000
4827.00000
2789.00000
3037.00000
5943.00000
541.00000
4088.00000
1101.00000
344.00000
0.00000
5353.00000
5409.00000
3475.00000
4439.00000
2641.00000
4166.00000
5407.00000
1120.00000
4874.00000
839.00000
4456.00000
5566.00000
5478.00000
4874.00000
1196.00000
883.00000
291.00000
36554.00000
4591.00000
1194.00000
4515.00000
3515.00000
419.00000
4738.00000
2207.00000
4442.00000
3416.00000
3816.00000
4368.00000
675.00000
5291.00000
5419.00000
5536.00000
5855.00000
5874.00000
0.00000
2497.00000
4805.00000
1057.00000
6126.00000
792.00000
4218.00000
4753.00000
2396.00000
5205.00000
543.00000
1415.00000
3983.00000
1987.00000
6696.00000
6383.00000
5688.00000
36997.00000
2572.00000
1636.00000
2496.00000
1921.00000
883.00000
2720.00000
484.00000
2423.00000
1160.00000
3273.00000
3824.00000
1140.00000
4747.00000
4016.00000
4992.00000
5312.00000
5330.00000
464.00000
0.00000
3402.00000
794.00000
4010.00000
1058.00000
2140.00000
4209.00000
540.00000
4662.00000
1007.00000
1857.00000
1985.00000
265.00000
6153.00000
5839.00000
5145.00000
25745.00000
3308.00000
3474.00000
3232.00000
3759.00000
2721.00000
3456.00000
1607.00000
3159.00000
1887.00000
3396.00000
3948.00000
2977.00000
4871.00000
614.00000
5116.00000
5436.00000
5454.00000
2302.00000
2325.00000
0.00000
1388.00000
4746.00000
1653.00000
2868.00000
4333.00000
1823.00000
4786.00000
2009.00000
3695.00000
2713.00000
1823.00000
6277.00000
5963.00000
5269.00000
24919.00000
2411.00000
2176.00000
2335.00000
2461.00000
983.00000
2559.00000
309.00000
2263.00000
991.00000
2570.00000
3121.00000
1139.00000
4044.00000
3855.00000
4289.00000
4609.00000
4627.00000
1005.00000
1448.00000
3242.00000
0.00000
3850.00000
265.00000
1971.00000
3506.00000
526.00000
3959.00000
620.00000
1188.00000
1816.00000
525.00000
5450.00000
5136.00000
4442.00000
22788.00000
2617.00000
5989.00000
2822.00000
5608.00000
4878.00000
3471.00000
3764.00000
2456.00000
3198.00000
1819.00000
1719.00000
5134.00000
1913.00000
2771.00000
2544.00000
2478.00000
2496.00000
4459.00000
4282.00000
2157.00000
3545.00000
0.00000
3810.00000
3778.00000
1678.00000
4004.00000
1828.00000
4166.00000
6210.00000
3850.00000
3980.00000
3391.00000
3077.00000
2311.00000
24651.00000
2676.00000
2441.00000
2600.00000
2726.00000
718.00000
2824.00000
574.00000
2527.00000
1255.00000
2302.00000
2853.00000
874.00000
3776.00000
3905.00000
4021.00000
4341.00000
4359.00000
1269.00000
1713.00000
3291.00000
265.00000
4611.00000
0.00000
2236.00000
3238.00000
790.00000
3691.00000
356.00000
924.00000
2081.00000
790.00000
5182.00000
4868.00000
4174.00000
33770.00000
1665.00000
3574.00000
1590.00000
3118.00000
2822.00000
1055.00000
1985.00000
1517.00000
1460.00000
3405.00000
3305.00000
3078.00000
4715.00000
3110.00000
5513.00000
5280.00000
5298.00000
2403.00000
1938.00000
2496.00000
1767.00000
3104.00000
2032.00000
0.00000
4177.00000
1660.00000
4630.00000
2387.00000
3796.00000
152.00000
2201.00000
6673.00000
6360.00000
5113.00000
21560.00000
3125.00000
4499.00000
3330.00000
6117.00000
4926.00000
3979.00000
3811.00000
2964.00000
3707.00000
2016.00000
1916.00000
5096.00000
686.00000
2968.00000
1083.00000
1250.00000
1268.00000
4507.00000
4790.00000
2354.00000
3593.00000
1521.00000
3320.00000
4286.00000
0.00000
4028.00000
600.00000
3609.00000
4720.00000
4358.00000
4027.00000
2163.00000
1849.00000
1083.00000
37417.00000
2293.00000
2056.00000
2217.00000
2341.00000
1303.00000
2441.00000
216.00000
2145.00000
881.00000
3005.00000
3556.00000
1559.00000
4479.00000
3737.00000
4724.00000
5044.00000
5062.00000
884.00000
540.00000
3124.00000
526.00000
3732.00000
790.00000
1862.00000
3941.00000
0.00000
4394.00000
1146.00000
2277.00000
1707.00000
405.00000
5885.00000
5571.00000
4877.00000
21842.00000
3407.00000
4506.00000
3611.00000
5971.00000
4933.00000
4260.00000
3819.00000
3246.00000
3988.00000
1950.00000
2198.00000
5104.00000
967.00000
3250.00000
866.00000
1532.00000
1550.00000
4514.00000
4570.00000
2636.00000
3600.00000
1802.00000
3327.00000
4568.00000
281.00000
4035.00000
0.00000
3617.00000
4727.00000
4639.00000
4035.00000
2872.00000
2558.00000
1365.00000
37045.00000
3031.00000
1685.00000
2955.00000
3081.00000
362.00000
3179.00000
930.00000
2883.00000
1611.00000
2970.00000
3521.00000
518.00000
4444.00000
4476.00000
4689.00000
5009.00000
5027.00000
1625.00000
2068.00000
3862.00000
620.00000
4470.00000
356.00000
2592.00000
3906.00000
1146.00000
4359.00000
0.00000
568.00000
2436.00000
1145.00000
5850.00000
5536.00000
4842.00000
24750.00000
3379.00000
2781.00000
3303.00000
3797.00000
2759.00000
3527.00000
1645.00000
3230.00000
1958.00000
2401.00000
2953.00000
3015.00000
3876.00000
4004.00000
4121.00000
4441.00000
4459.00000
2340.00000
2396.00000
3391.00000
1064.00000
4711.00000
799.00000
2939.00000
3338.00000
1861.00000
3790.00000
1089.00000
0.00000
2784.00000
1861.00000
5282.00000
4968.00000
4274.00000
33615.00000
1735.00000
3419.00000
1659.00000
2963.00000
2666.00000
1125.00000
1830.00000
1586.00000
1305.00000
3638.00000
3375.00000
2923.00000
5113.00000
3179.00000
5358.00000
5677.00000
5695.00000
2248.00000
1783.00000
2565.00000
1612.00000
3173.00000
1876.00000
152.00000
4575.00000
1505.00000
5027.00000
2232.00000
3640.00000
0.00000
2046.00000
6518.00000
6205.00000
5510.00000
37008.00000
3012.00000
1647.00000
2936.00000
1932.00000
894.00000
3160.00000
216.00000
2864.00000
1425.00000
3004.00000
3555.00000
1151.00000
4479.00000
4456.00000
4724.00000
5043.00000
5061.00000
475.00000
919.00000
3843.00000
525.00000
4451.00000
790.00000
2406.00000
3941.00000
405.00000
4393.00000
1018.00000
1868.00000
2250.00000
0.00000
5884.00000
5571.00000
4876.00000
22093.00000
4718.00000
6349.00000
4923.00000
7917.00000
6880.00000
5572.00000
5765.00000
4557.00000
6079.00000
3683.00000
4234.00000
6946.00000
1014.00000
5285.00000
1290.00000
1538.00000
1242.00000
6461.00000
6516.00000
4672.00000
5547.00000
3114.00000
5274.00000
5879.00000
1593.00000
5982.00000
1312.00000
5563.00000
6570.00000
5951.00000
5981.00000
0.00000
314.00000
1287.00000
21779.00000
4405.00000
6035.00000
4610.00000
7604.00000
6566.00000
5259.00000
5452.00000
4244.00000
5765.00000
3369.00000
3920.00000
6633.00000
701.00000
4972.00000
977.00000
1224.00000
929.00000
6147.00000
6203.00000
4358.00000
5233.00000
2801.00000
4960.00000
5566.00000
1280.00000
5668.00000
998.00000
5250.00000
6256.00000
5638.00000
5668.00000
314.00000
0.00000
973.00000
21298.00000
3954.00000
5054.00000
4159.00000
6518.00000
5481.00000
4808.00000
4366.00000
3793.00000
4536.00000
2497.00000
2745.00000
5651.00000
250.00000
3797.00000
810.00000
614.00000
547.00000
5062.00000
5117.00000
3183.00000
4148.00000
2350.00000
3875.00000
5115.00000
829.00000
4583.00000
548.00000
4164.00000
5275.00000
5187.00000
4582.00000
1657.00000
1343.00000
0.00000
